1、开机联络信息00H
装置发送：68 01 02 03 04 05 06 00 00 02 01 00 e7 16
主机回复：68 01 02 03 04 05 06 00 00 02 01 00 e7 16
2、校时01H
装置发送：68 01 02 03 04 05 06 01 00 00 e9 16
主机回复：68 01 02 03 04 05 06 01 00 06 0A 04 17 0B 37 0A 72 16 

3、设置密码02H
主机发送：68 01 02 03 04 05 06 02 00 08 31 32 33 34 31 32 33 34 4C 16
装置回复：68 01 02 03 04 05 06 02 00 08 31 32 33 34 31 32 33 34 4C 16 （正确设置）
装置回复：68 01 02 03 04 05 06 02 00 02 ff ff e8 16（错误设置）

4、设置报文03H
主机发送：68 01 02 03 04 05 06 03 00 12 31 32 33 34 01 00 0A 00 00 05 A0 00 00 1E 31 32 33 34 73 16
装置回复：68 01 02 03 04 05 06 03 00 12 31 32 33 34 01 00 0A 00 00 05 A0 00 00 1E 31 32 33 34 73 16
装置回复：

6、心跳报文05H
装置发送：68 01 02 03 04 05 06 05 00 08 12 04 17 0F 24 06 50 30 f7 16

7、读取时间报文0DH
主机发送：68 01 02 03 04 05 06 0D 00 00 DD 16 
装置回复：68 01 02 03 04 05 06 0D 00 06 12 05 03 10 11 06 96 16





